14.1421 14.1421
28.2843 28.2843
42.4264 42.4264
56.5685 56.5685
70.7107 70.7107
84.8528 84.8528
98.9949 98.9949
113.1371 113.1371
127.2792 127.2792
141.4214 141.4214
155.5635 155.5635
169.7056 169.7056
183.8478 183.8478
197.9899 197.9899
212.132 212.132
226.2742 226.2742
240.4163 240.4163
254.5584 254.5584
268.7006 268.7006
282.8427 282.8427
296.9848 296.9848
311.127 311.127
325.2691 325.2691
339.4113 339.4113
353.5534 353.5534
367.6955 367.6955
381.8377 381.8377
395.9798 395.9798
410.1219 410.1219
424.2641 424.2641
438.4062 438.4062
452.5483 452.5483
466.6905 466.6905
480.8326 480.8326
494.9747 494.9747
509.1169 509.1169
523.259 523.259
537.4012 537.4012
551.5433 551.5433
565.6854 565.6854
579.8276 579.8276
593.9697 593.9697
608.1118 608.1118
622.254 622.254
636.3961 636.3961
650.5382 650.5382
664.6804 664.6804
678.8225 678.8225
692.9646 692.9646
707.1068 707.1068
721.2489 721.2489
735.3911 735.3911
749.5332 749.5332
763.6753 763.6753
777.8175 777.8175
791.9596 791.9596
806.1017 806.1017
820.2439 820.2439
834.386 834.386
848.5281 848.5281
862.6703 862.6703
876.8124 876.8124
890.9545 890.9545
905.0967 905.0967
919.2388 919.2388
933.381 933.381
947.5231 947.5231
961.6652 961.6652
975.8074 975.8074
989.9495 989.9495
1004.0916 1004.0916
1018.2338 1018.2338
1032.3759 1032.3759
1046.518 1046.518
1060.6602 1060.6602
1074.8023 1074.8023
1088.9444 1088.9444
1103.0866 1103.0866
1117.2287 1117.2287
1131.3708 1131.3708
1145.513 1145.513
1159.6551 1159.6551
1173.7973 1173.7973
1187.9394 1187.9394
1202.0815 1202.0815
1216.2237 1216.2237
1230.3658 1230.3658
1244.5079 1244.5079
1258.6501 1258.6501
1272.7922 1272.7922
1286.9343 1286.9343
1301.0765 1301.0765
1315.2186 1315.2186
1329.3607 1329.3607
1343.5029 1343.5029
1357.645 1357.645
1371.7872 1371.7872
1385.9293 1385.9293
1400.0714 1400.0714
1414.2136 1414.2136
1428.3557 1428.3557
1442.4978 1442.4978
1456.64 1456.64
1470.7821 1470.7821
1484.9242 1484.9242
1499.0664 1499.0664
1513.2085 1513.2085
1527.3506 1527.3506
1541.4928 1541.4928
1555.6349 1555.6349
1569.7771 1569.7771
1583.9192 1583.9192
1598.0613 1598.0613
1612.2035 1612.2035
1626.3456 1626.3456
1640.4877 1640.4877
1654.6299 1654.6299
1668.772 1668.772
1682.9141 1682.9141
1697.0563 1697.0563
1711.1984 1711.1984
1725.3405 1725.3405
1739.4827 1739.4827
1753.6248 1753.6248
1767.767 1767.767
1781.9091 1781.9091
1796.0512 1796.0512
1810.1934 1810.1934
1824.3355 1824.3355
1838.4776 1838.4776
1852.6198 1852.6198
1866.7619 1866.7619
1880.904 1880.904
1895.0462 1895.0462
1909.1883 1909.1883
1923.3304 1923.3304
1937.4726 1937.4726
1951.6147 1951.6147
1965.7569 1965.7569
1979.899 1979.899
1994.0411 1994.0411
2008.1833 2008.1833
2022.3254 2022.3254
2036.4675 2036.4675
2050.6097 2050.6097
2064.7518 2064.7518
2078.8939 2078.8939
2093.0361 2093.0361
2107.1782 2107.1782
2121.3203 2121.3203
2135.4625 2135.4625
2149.6046 2149.6046
2163.7468 2163.7468
2177.8889 2177.8889
2192.031 2192.031
2206.1732 2206.1732
2220.3153 2220.3153
2234.4574 2234.4574
2248.5996 2248.5996
2262.7417 2262.7417
2276.8838 2276.8838
2291.026 2291.026
2305.1681 2305.1681
2319.3102 2319.3102
2333.4524 2333.4524
2347.5945 2347.5945
2361.7366 2361.7366
2375.8788 2375.8788
2390.0209 2390.0209
2404.1631 2404.1631
2418.3052 2418.3052
2432.4473 2432.4473
2446.5895 2446.5895
2460.7316 2460.7316
2474.8737 2474.8737
2489.0159 2489.0159
2503.158 2503.158
2517.3001 2517.3001
2531.4423 2531.4423
2545.5844 2545.5844
2559.7265 2559.7265
2573.8687 2573.8687
2588.0108 2588.0108
2602.153 2602.153
2616.2951 2616.2951
2630.4372 2630.4372
2644.5794 2644.5794
2658.7215 2658.7215
2672.8636 2672.8636
2687.0058 2687.0058
2701.1479 2701.1479
2715.29 2715.29
2729.4322 2729.4322
2743.5743 2743.5743
2757.7164 2757.7164
2771.8586 2771.8586
2786.0007 2786.0007
2800.1429 2800.1429
2814.285 2814.285
2828.4271 2828.4271
2842.5693 2842.5693
2856.7114 2856.7114
2870.8535 2870.8535
2884.9957 2884.9957
2899.1378 2899.1378
2913.2799 2913.2799
2927.4221 2927.4221
2941.5642 2941.5642
2955.7063 2955.7063
2969.8485 2969.8485
2983.9906 2983.9906
2998.1328 2998.1328
3012.2749 3012.2749
3026.417 3026.417
3040.5592 3040.5592
3054.7013 3054.7013
3068.8434 3068.8434
3082.9856 3082.9856
3097.1277 3097.1277
3111.2698 3111.2698
3125.412 3125.412
3139.5541 3139.5541
3153.6962 3153.6962
3167.8384 3167.8384
3181.9805 3181.9805
3196.1227 3196.1227
3210.2648 3210.2648
3224.4069 3224.4069
3238.5491 3238.5491
3252.6912 3252.6912
3266.8333 3266.8333
3280.9755 3280.9755
3295.1176 3295.1176
3309.2597 3309.2597
3323.4019 3323.4019
3337.544 3337.544
3351.6861 3351.6861
3365.8283 3365.8283
3379.9704 3379.9704
3394.1125 3394.1125
3408.2547 3408.2547
3422.3968 3422.3968
3436.539 3436.539
3450.6811 3450.6811
3464.8232 3464.8232
3478.9654 3478.9654
3493.1075 3493.1075
3507.2496 3507.2496
3521.3918 3521.3918
3535.5339 3535.5339
3549.676 3549.676
3563.8182 3563.8182
3577.9603 3577.9603
3592.1024 3592.1024
3606.2446 3606.2446
3620.3867 3620.3867
3634.5289 3634.5289
3648.671 3648.671
3662.8131 3662.8131
3676.9553 3676.9553
3691.0974 3691.0974
3705.2395 3705.2395
3719.3817 3719.3817
3733.5238 3733.5238
3747.6659 3747.6659
3761.8081 3761.8081
3775.9502 3775.9502
3790.0923 3790.0923
3804.2345 3804.2345
3818.3766 3818.3766
3832.5188 3832.5188
3846.6609 3846.6609
3860.803 3860.803
3874.9452 3874.9452
3889.0873 3889.0873
3903.2294 3903.2294
3917.3716 3917.3716
3931.5137 3931.5137
3945.6558 3945.6558
3959.798 3959.798
3973.9401 3973.9401
3988.0822 3988.0822
4002.2244 4002.2244
4016.3665 4016.3665
4030.5087 4030.5087
4044.6508 4044.6508
4058.7929 4058.7929
4072.9351 4072.9351
4087.0772 4087.0772
4101.2193 4101.2193
4115.3615 4115.3615
4129.5036 4129.5036
4143.6457 4143.6457
4157.7879 4157.7879
4171.93 4171.93
4186.0721 4186.0721
4200.2143 4200.2143
4214.3564 4214.3564
4228.4986 4228.4986
4242.6407 4242.6407
4256.7828 4256.7828
4270.925 4270.925
4285.0671 4285.0671
4299.2092 4299.2092
4313.3514 4313.3514
4327.4935 4327.4935
4341.6356 4341.6356
4355.7778 4355.7778
4369.9199 4369.9199
4384.062 4384.062
4398.2042 4398.2042
4412.3463 4412.3463
4426.4885 4426.4885
4440.6306 4440.6306
4454.7727 4454.7727
4468.9149 4468.9149
4483.057 4483.057
4497.1991 4497.1991
4511.3413 4511.3413
4525.4834 4525.4834
4539.6255 4539.6255
4553.7677 4553.7677
4567.9098 4567.9098
4582.0519 4582.0519
4596.1941 4596.1941
4610.3362 4610.3362
4624.4783 4624.4783
4638.6205 4638.6205
4652.7626 4652.7626
4666.9048 4666.9048
4681.0469 4681.0469
4695.189 4695.189
4709.3312 4709.3312
4723.4733 4723.4733
4737.6154 4737.6154
4751.7576 4751.7576
4765.8997 4765.8997
4780.0418 4780.0418
4794.184 4794.184
4808.3261 4808.3261
4822.4682 4822.4682
4836.6104 4836.6104
4850.7525 4850.7525
4864.8947 4864.8947
4879.0368 4879.0368
4893.1789 4893.1789
4907.3211 4907.3211
4921.4632 4921.4632
4935.6053 4935.6053
4949.7475 4949.7475
4963.8896 4963.8896
4978.0317 4978.0317
4992.1739 4992.1739
5006.316 5006.316
5020.4581 5020.4581
5034.6003 5034.6003
5048.7424 5048.7424
5062.8846 5062.8846
5077.0267 5077.0267
5091.1688 5091.1688
5105.311 5105.311
5119.4531 5119.4531
5133.5952 5133.5952
5147.7374 5147.7374
5161.8795 5161.8795
5176.0216 5176.0216
5190.1638 5190.1638
5204.3059 5204.3059
5218.448 5218.448
5232.5902 5232.5902
5246.7323 5246.7323
5260.8745 5260.8745
5275.0166 5275.0166
5289.1587 5289.1587
5303.3009 5303.3009
5317.443 5317.443
5331.5851 5331.5851
5345.7273 5345.7273
5359.8694 5359.8694
5374.0115 5374.0115
5388.1537 5388.1537
5402.2958 5402.2958
5416.4379 5416.4379
5430.5801 5430.5801
5444.7222 5444.7222
5458.8644 5458.8644
5473.0065 5473.0065
5487.1486 5487.1486
5501.2908 5501.2908
5515.4329 5515.4329
5529.575 5529.575
5543.7172 5543.7172
5557.8593 5557.8593
5572.0014 5572.0014
5586.1436 5586.1436
5600.2857 5600.2857
5614.4278 5614.4278
5628.57 5628.57
5642.7121 5642.7121
5656.8542 5656.8542
5670.9964 5670.9964
5685.1385 5685.1385
5699.2807 5699.2807
5713.4228 5713.4228
5727.5649 5727.5649
5741.7071 5741.7071
5755.8492 5755.8492
5769.9913 5769.9913
5784.1335 5784.1335
5798.2756 5798.2756
5812.4177 5812.4177
5826.5599 5826.5599
5840.702 5840.702
5854.8441 5854.8441
5868.9863 5868.9863
5883.1284 5883.1284
5897.2706 5897.2706
5911.4127 5911.4127
5925.5548 5925.5548
5939.697 5939.697
5953.8391 5953.8391
5967.9812 5967.9812
5982.1234 5982.1234
5996.2655 5996.2655
6010.4076 6010.4076
6024.5498 6024.5498
6038.6919 6038.6919
6052.834 6052.834
6066.9762 6066.9762
6081.1183 6081.1183
6095.2605 6095.2605
6109.4026 6109.4026
6123.5447 6123.5447
6137.6869 6137.6869
6151.829 6151.829
6165.9711 6165.9711
6180.1133 6180.1133
6194.2554 6194.2554
6208.3975 6208.3975
6222.5397 6222.5397
6236.6818 6236.6818
6250.8239 6250.8239
6264.9661 6264.9661
6279.1082 6279.1082
6293.2504 6293.2504
6307.3925 6307.3925
6321.5346 6321.5346
6335.6768 6335.6768
6349.8189 6349.8189
6363.961 6363.961
6378.1032 6378.1032
6392.2453 6392.2453
6406.3874 6406.3874
6420.5296 6420.5296
6434.6717 6434.6717
6448.8138 6448.8138
6462.956 6462.956
6477.0981 6477.0981
6491.2403 6491.2403
6505.3824 6505.3824
6519.5245 6519.5245
6533.6667 6533.6667
6547.8088 6547.8088
6561.9509 6561.9509
6576.0931 6576.0931
6590.2352 6590.2352
6604.3773 6604.3773
6618.5195 6618.5195
6632.6616 6632.6616
6646.8037 6646.8037
6660.9459 6660.9459
6675.088 6675.088
6689.2302 6689.2302
6703.3723 6703.3723
6717.5144 6717.5144
6731.6566 6731.6566
6745.7987 6745.7987
6759.9408 6759.9408
6774.083 6774.083
6788.2251 6788.2251
6802.3672 6802.3672
6816.5094 6816.5094
6830.6515 6830.6515
6844.7936 6844.7936
6858.9358 6858.9358
6873.0779 6873.0779
6887.22 6887.22
6901.3622 6901.3622
6915.5043 6915.5043
6929.6465 6929.6465
6943.7886 6943.7886
6957.9307 6957.9307
6972.0729 6972.0729
6986.215 6986.215
7000.3571 7000.3571
7014.4993 7014.4993
7028.6414 7028.6414
7042.7835 7042.7835
7056.9257 7056.9257
7071.0678 7071.0678
7085.2099 7085.2099
7099.3521 7099.3521
7113.4942 7113.4942
7127.6364 7127.6364
7141.7785 7141.7785
7155.9206 7155.9206
7170.0628 7170.0628
7184.2049 7184.2049
7198.347 7198.347
7212.4892 7212.4892
7226.6313 7226.6313
7240.7734 7240.7734
7254.9156 7254.9156
7269.0577 7269.0577
7283.1998 7283.1998
7297.342 7297.342
7311.4841 7311.4841
7325.6263 7325.6263
7339.7684 7339.7684
7353.9105 7353.9105
7368.0527 7368.0527
7382.1948 7382.1948
7396.3369 7396.3369
7410.4791 7410.4791
7424.6212 7424.6212
7438.7633 7438.7633
7452.9055 7452.9055
7467.0476 7467.0476
7481.1897 7481.1897
7495.3319 7495.3319
7509.474 7509.474
7523.6162 7523.6162
7537.7583 7537.7583
7551.9004 7551.9004
7566.0426 7566.0426
7580.1847 7580.1847
7594.3268 7594.3268
7608.469 7608.469
7622.6111 7622.6111
7636.7532 7636.7532
7650.8954 7650.8954
7665.0375 7665.0375
7679.1796 7679.1796
7693.3218 7693.3218
7707.4639 7707.4639
7721.6061 7721.6061
7735.7482 7735.7482
7749.8903 7749.8903
7764.0325 7764.0325
7778.1746 7778.1746
7792.3167 7792.3167
7806.4589 7806.4589
7820.601 7820.601
7834.7431 7834.7431
7848.8853 7848.8853
7863.0274 7863.0274
7877.1695 7877.1695
7891.3117 7891.3117
7905.4538 7905.4538
7919.5959 7919.5959
7933.7381 7933.7381
7947.8802 7947.8802
7962.0224 7962.0224
7976.1645 7976.1645
7990.3066 7990.3066
8004.4488 8004.4488
8018.5909 8018.5909
8032.733 8032.733
8046.8752 8046.8752
8061.0173 8061.0173
8075.1594 8075.1594
8089.3016 8089.3016
8103.4437 8103.4437
8117.5858 8117.5858
8131.728 8131.728
8145.8701 8145.8701
8160.0123 8160.0123
8174.1544 8174.1544
8188.2965 8188.2965
8202.4387 8202.4387
8216.5808 8216.5808
8230.7229 8230.7229
8244.8651 8244.8651
8259.0072 8259.0072
8273.1493 8273.1493
8287.2915 8287.2915
8301.4336 8301.4336
8315.5757 8315.5757
8329.7179 8329.7179
8343.86 8343.86
8358.0022 8358.0022
8372.1443 8372.1443
8386.2864 8386.2864
8400.4286 8400.4286
8414.5707 8414.5707
8428.7128 8428.7128
8442.855 8442.855
8456.9971 8456.9971
8471.1392 8471.1392
8485.2814 8485.2814
8499.4235 8499.4235
8513.5656 8513.5656
8527.7078 8527.7078
8541.8499 8541.8499
8555.9921 8555.9921
8570.1342 8570.1342
8584.2763 8584.2763
8598.4185 8598.4185
8612.5606 8612.5606
8626.7027 8626.7027
8640.8449 8640.8449
8654.987 8654.987
8669.1291 8669.1291
8683.2713 8683.2713
8697.4134 8697.4134
8711.5555 8711.5555
8725.6977 8725.6977
8739.8398 8739.8398
8753.982 8753.982
8768.1241 8768.1241
8782.2662 8782.2662
8796.4084 8796.4084
8810.5505 8810.5505
8824.6926 8824.6926
8838.8348 8838.8348
8852.9769 8852.9769
8867.119 8867.119
8881.2612 8881.2612
8895.4033 8895.4033
8909.5454 8909.5454
8923.6876 8923.6876
8937.8297 8937.8297
8951.9718 8951.9718
8966.114 8966.114
8980.2561 8980.2561
8994.3983 8994.3983
9008.5404 9008.5404
9022.6825 9022.6825
9036.8247 9036.8247
9050.9668 9050.9668
9065.1089 9065.1089
9079.2511 9079.2511
9093.3932 9093.3932
9107.5353 9107.5353
9121.6775 9121.6775
9135.8196 9135.8196
9149.9617 9149.9617
9164.1039 9164.1039
9178.246 9178.246
9192.3882 9192.3882
9206.5303 9206.5303
9220.6724 9220.6724
9234.8146 9234.8146
9248.9567 9248.9567
9263.0988 9263.0988
9277.241 9277.241
9291.3831 9291.3831
9305.5252 9305.5252
9319.6674 9319.6674
9333.8095 9333.8095
9347.9516 9347.9516
9362.0938 9362.0938
9376.2359 9376.2359
9390.3781 9390.3781
9404.5202 9404.5202
9418.6623 9418.6623
9432.8045 9432.8045
9446.9466 9446.9466
9461.0887 9461.0887
9475.2309 9475.2309
9489.373 9489.373
9503.5151 9503.5151
9517.6573 9517.6573
9531.7994 9531.7994
9545.9415 9545.9415
9560.0837 9560.0837
9574.2258 9574.2258
9588.368 9588.368
9602.5101 9602.5101
9616.6522 9616.6522
9630.7944 9630.7944
9644.9365 9644.9365
9659.0786 9659.0786
9673.2208 9673.2208
9687.3629 9687.3629
9701.505 9701.505
9715.6472 9715.6472
9729.7893 9729.7893
9743.9314 9743.9314
9758.0736 9758.0736
9772.2157 9772.2157
9786.3579 9786.3579
9800.5 9800.5
9814.6421 9814.6421
9828.7843 9828.7843
9842.9264 9842.9264
9857.0685 9857.0685
9871.2107 9871.2107
9885.3528 9885.3528
9899.4949 9899.4949
9913.6371 9913.6371
9927.7792 9927.7792
9941.9213 9941.9213
9956.0635 9956.0635
9970.2056 9970.2056
9984.3478 9984.3478
9998.4899 9998.4899
10012.632 10012.632
10026.7742 10026.7742
10040.9163 10040.9163
10055.0584 10055.0584
10069.2006 10069.2006
10083.3427 10083.3427
10097.4848 10097.4848
10111.627 10111.627
10125.7691 10125.7691
10139.9112 10139.9112
10154.0534 10154.0534
10168.1955 10168.1955
10182.3376 10182.3376
10196.4798 10196.4798
10210.6219 10210.6219
10224.7641 10224.7641
10238.9062 10238.9062
10253.0483 10253.0483
10267.1905 10267.1905
10281.3326 10281.3326
10295.4747 10295.4747
10309.6169 10309.6169
10323.759 10323.759
10337.9011 10337.9011
10352.0433 10352.0433
10366.1854 10366.1854
10380.3275 10380.3275
10394.4697 10394.4697
10408.6118 10408.6118
10422.754 10422.754
10436.8961 10436.8961
10451.0382 10451.0382
10465.1804 10465.1804
10479.3225 10479.3225
10493.4646 10493.4646
10507.6068 10507.6068
10521.7489 10521.7489
10535.891 10535.891
10550.0332 10550.0332
10564.1753 10564.1753
10578.3174 10578.3174
10592.4596 10592.4596
10606.6017 10606.6017
10620.7439 10620.7439
10634.886 10634.886
10649.0281 10649.0281
10663.1703 10663.1703
10677.3124 10677.3124
10691.4545 10691.4545
10705.5967 10705.5967
10719.7388 10719.7388
10733.8809 10733.8809
10748.0231 10748.0231
10762.1652 10762.1652
10776.3073 10776.3073
10790.4495 10790.4495
10804.5916 10804.5916
10818.7338 10818.7338
10832.8759 10832.8759
10847.018 10847.018
10861.1602 10861.1602
10875.3023 10875.3023
10889.4444 10889.4444
10903.5866 10903.5866
10917.7287 10917.7287
10931.8708 10931.8708
10946.013 10946.013
10960.1551 10960.1551
10974.2972 10974.2972
10988.4394 10988.4394
11002.5815 11002.5815
11016.7237 11016.7237
11030.8658 11030.8658
11045.0079 11045.0079
11059.1501 11059.1501
11073.2922 11073.2922
11087.4343 11087.4343
11101.5765 11101.5765
11115.7186 11115.7186
11129.8607 11129.8607
11144.0029 11144.0029
11158.145 11158.145
11172.2871 11172.2871
11186.4293 11186.4293
11200.5714 11200.5714
11214.7135 11214.7135
11228.8557 11228.8557
11242.9978 11242.9978
11257.14 11257.14
11271.2821 11271.2821
11285.4242 11285.4242
11299.5664 11299.5664
11313.7085 11313.7085
11327.8506 11327.8506
11341.9928 11341.9928
11356.1349 11356.1349
11370.277 11370.277
11384.4192 11384.4192
11398.5613 11398.5613
11412.7034 11412.7034
11426.8456 11426.8456
11440.9877 11440.9877
11455.1299 11455.1299
11469.272 11469.272
11483.4141 11483.4141
11497.5563 11497.5563
11511.6984 11511.6984
11525.8405 11525.8405
11539.9827 11539.9827
11554.1248 11554.1248
11568.2669 11568.2669
11582.4091 11582.4091
11596.5512 11596.5512
11610.6933 11610.6933
11624.8355 11624.8355
11638.9776 11638.9776
11653.1198 11653.1198
11667.2619 11667.2619
11681.404 11681.404
11695.5462 11695.5462
11709.6883 11709.6883
11723.8304 11723.8304
11737.9726 11737.9726
11752.1147 11752.1147
11766.2568 11766.2568
11780.399 11780.399
11794.5411 11794.5411
11808.6832 11808.6832
11822.8254 11822.8254
11836.9675 11836.9675
11851.1097 11851.1097
11865.2518 11865.2518
11879.3939 11879.3939
11893.5361 11893.5361
11907.6782 11907.6782
11921.8203 11921.8203
11935.9625 11935.9625
11950.1046 11950.1046
11964.2467 11964.2467
11978.3889 11978.3889
11992.531 11992.531
12006.6731 12006.6731
12020.8153 12020.8153
12034.9574 12034.9574
12049.0996 12049.0996
12063.2417 12063.2417
12077.3838 12077.3838
12091.526 12091.526
12105.6681 12105.6681
12119.8102 12119.8102
12133.9524 12133.9524
12148.0945 12148.0945
12162.2366 12162.2366
12176.3788 12176.3788
12190.5209 12190.5209
12204.663 12204.663
12218.8052 12218.8052
12232.9473 12232.9473
12247.0895 12247.0895
12261.2316 12261.2316
12275.3737 12275.3737
12289.5159 12289.5159
12303.658 12303.658
12317.8001 12317.8001
12331.9423 12331.9423
12346.0844 12346.0844
12360.2265 12360.2265
12374.3687 12374.3687
12388.5108 12388.5108
12402.6529 12402.6529
12416.7951 12416.7951
12430.9372 12430.9372
12445.0793 12445.0793
12459.2215 12459.2215
12473.3636 12473.3636
12487.5058 12487.5058
12501.6479 12501.6479
12515.79 12515.79
12529.9322 12529.9322
12544.0743 12544.0743
12558.2164 12558.2164
12572.3586 12572.3586
12586.5007 12586.5007
12600.6428 12600.6428
12614.785 12614.785
12628.9271 12628.9271
12643.0692 12643.0692
12657.2114 12657.2114
12671.3535 12671.3535
12685.4957 12685.4957
12699.6378 12699.6378
12713.7799 12713.7799
12727.9221 12727.9221
12742.0642 12742.0642
12756.2063 12756.2063
12770.3485 12770.3485
12784.4906 12784.4906
12798.6327 12798.6327
12812.7749 12812.7749
12826.917 12826.917
12841.0591 12841.0591
12855.2013 12855.2013
12869.3434 12869.3434
12883.4856 12883.4856
12897.6277 12897.6277
12911.7698 12911.7698
12925.912 12925.912
12940.0541 12940.0541
12954.1962 12954.1962
12968.3384 12968.3384
12982.4805 12982.4805
12996.6226 12996.6226
13010.7648 13010.7648
13024.9069 13024.9069
13039.049 13039.049
13053.1912 13053.1912
13067.3333 13067.3333
13081.4755 13081.4755
13095.6176 13095.6176
13109.7597 13109.7597
13123.9019 13123.9019
13138.044 13138.044
13152.1861 13152.1861
13166.3283 13166.3283
13180.4704 13180.4704
13194.6125 13194.6125
13208.7547 13208.7547
13222.8968 13222.8968
13237.0389 13237.0389
13251.1811 13251.1811
13265.3232 13265.3232
13279.4654 13279.4654
13293.6075 13293.6075
13307.7496 13307.7496
13321.8918 13321.8918
13336.0339 13336.0339
13350.176 13350.176
13364.3182 13364.3182
13378.4603 13378.4603
13392.6024 13392.6024
13406.7446 13406.7446
13420.8867 13420.8867
13435.0288 13435.0288
13449.171 13449.171
13463.3131 13463.3131
13477.4552 13477.4552
13491.5974 13491.5974
13505.7395 13505.7395
13519.8817 13519.8817
13534.0238 13534.0238
13548.1659 13548.1659
13562.3081 13562.3081
13576.4502 13576.4502
13590.5923 13590.5923
13604.7345 13604.7345
13618.8766 13618.8766
13633.0187 13633.0187
13647.1609 13647.1609
13661.303 13661.303
13675.4451 13675.4451
13689.5873 13689.5873
13703.7294 13703.7294
13717.8716 13717.8716
13732.0137 13732.0137
13746.1558 13746.1558
13760.298 13760.298
13774.4401 13774.4401
13788.5822 13788.5822
13802.7244 13802.7244
13816.8665 13816.8665
13831.0086 13831.0086
13845.1508 13845.1508
13859.2929 13859.2929
13873.435 13873.435
13887.5772 13887.5772
13901.7193 13901.7193
13915.8615 13915.8615
13930.0036 13930.0036
13944.1457 13944.1457
13958.2879 13958.2879
13972.43 13972.43
13986.5721 13986.5721
14000.7143 14000.7143
14014.8564 14014.8564
14028.9985 14028.9985
14043.1407 14043.1407
14057.2828 14057.2828
14071.4249 14071.4249
14085.5671 14085.5671
14099.7092 14099.7092
14113.8514 14113.8514
14127.9935 14127.9935
14142.1356 14142.1356
14156.2778 14156.2778
14170.4199 14170.4199
14184.562 14184.562
14198.7042 14198.7042
14212.8463 14212.8463
14226.9884 14226.9884
14241.1306 14241.1306
14255.2727 14255.2727
14269.4148 14269.4148
14283.557 14283.557
14297.6991 14297.6991
14311.8413 14311.8413
14325.9834 14325.9834
14340.1255 14340.1255
14354.2677 14354.2677
14368.4098 14368.4098
14382.5519 14382.5519
14396.6941 14396.6941
14410.8362 14410.8362
14424.9783 14424.9783
14439.1205 14439.1205
14453.2626 14453.2626
14467.4047 14467.4047
14481.5469 14481.5469
14495.689 14495.689
14509.8311 14509.8311
14523.9733 14523.9733
14538.1154 14538.1154
14552.2576 14552.2576
14566.3997 14566.3997
14580.5418 14580.5418
14594.684 14594.684
14608.8261 14608.8261
14622.9682 14622.9682
14637.1104 14637.1104
14651.2525 14651.2525
14665.3946 14665.3946
14679.5368 14679.5368
14693.6789 14693.6789
14707.821 14707.821
14721.9632 14721.9632
14736.1053 14736.1053
14750.2475 14750.2475
14764.3896 14764.3896
14778.5317 14778.5317
14792.6739 14792.6739
14806.816 14806.816
14820.9581 14820.9581
14835.1003 14835.1003
14849.2424 14849.2424
14863.3845 14863.3845
14877.5267 14877.5267
14891.6688 14891.6688
14905.8109 14905.8109
14919.9531 14919.9531
14934.0952 14934.0952
14948.2374 14948.2374
14962.3795 14962.3795
14976.5216 14976.5216
14990.6638 14990.6638
15004.8059 15004.8059
15018.948 15018.948
15033.0902 15033.0902
15047.2323 15047.2323
15061.3744 15061.3744
15075.5166 15075.5166
15089.6587 15089.6587
15103.8008 15103.8008
15117.943 15117.943
15132.0851 15132.0851
15146.2273 15146.2273
15160.3694 15160.3694
15174.5115 15174.5115
15188.6537 15188.6537
15202.7958 15202.7958
15216.9379 15216.9379
15231.0801 15231.0801
15245.2222 15245.2222
15259.3643 15259.3643
15273.5065 15273.5065
15287.6486 15287.6486
15301.7907 15301.7907
15315.9329 15315.9329
15330.075 15330.075
15344.2172 15344.2172
15358.3593 15358.3593
15372.5014 15372.5014
15386.6436 15386.6436
15400.7857 15400.7857
15414.9278 15414.9278
15429.07 15429.07
15443.2121 15443.2121
15457.3542 15457.3542
15471.4964 15471.4964
15485.6385 15485.6385
15499.7806 15499.7806
15513.9228 15513.9228
15528.0649 15528.0649
15542.2071 15542.2071
15556.3492 15556.3492
15570.4913 15570.4913
15584.6335 15584.6335
15598.7756 15598.7756
15612.9177 15612.9177
15627.0599 15627.0599
15641.202 15641.202
15655.3441 15655.3441
15669.4863 15669.4863
15683.6284 15683.6284
15697.7705 15697.7705
15711.9127 15711.9127
15726.0548 15726.0548
15740.1969 15740.1969
15754.3391 15754.3391
15768.4812 15768.4812
15782.6234 15782.6234
15796.7655 15796.7655
15810.9076 15810.9076
15825.0498 15825.0498
15839.1919 15839.1919
15853.334 15853.334
15867.4762 15867.4762
15881.6183 15881.6183
15895.7604 15895.7604
15909.9026 15909.9026
15924.0447 15924.0447
15938.1868 15938.1868
15952.329 15952.329
15966.4711 15966.4711
15980.6133 15980.6133
15994.7554 15994.7554
16008.8975 16008.8975
16023.0397 16023.0397
16037.1818 16037.1818
16051.3239 16051.3239
16065.4661 16065.4661
16079.6082 16079.6082
16093.7503 16093.7503
16107.8925 16107.8925
16122.0346 16122.0346
16136.1767 16136.1767
16150.3189 16150.3189
16164.461 16164.461
16178.6032 16178.6032
16192.7453 16192.7453
16206.8874 16206.8874
16221.0296 16221.0296
16235.1717 16235.1717
16249.3138 16249.3138
16263.456 16263.456
16277.5981 16277.5981
16291.7402 16291.7402
16305.8824 16305.8824
16320.0245 16320.0245
16334.1666 16334.1666
16348.3088 16348.3088
16362.4509 16362.4509
16376.5931 16376.5931
16390.7352 16390.7352
16404.8773 16404.8773
16419.0195 16419.0195
16433.1616 16433.1616
16447.3037 16447.3037
16461.4459 16461.4459
16475.588 16475.588
16489.7301 16489.7301
16503.8723 16503.8723
16518.0144 16518.0144
16532.1565 16532.1565
16546.2987 16546.2987
16560.4408 16560.4408
16574.583 16574.583
16588.7251 16588.7251
16602.8672 16602.8672
16617.0094 16617.0094
16631.1515 16631.1515
16645.2936 16645.2936
16659.4358 16659.4358
16673.5779 16673.5779
16687.72 16687.72
16701.8622 16701.8622
16716.0043 16716.0043
16730.1464 16730.1464
16744.2886 16744.2886
16758.4307 16758.4307
16772.5728 16772.5728
16786.715 16786.715
16800.8571 16800.8571
16814.9993 16814.9993
16829.1414 16829.1414
16843.2835 16843.2835
16857.4257 16857.4257
16871.5678 16871.5678
16885.7099 16885.7099
16899.8521 16899.8521
16913.9942 16913.9942
16928.1363 16928.1363
16942.2785 16942.2785
16956.4206 16956.4206
16970.5627 16970.5627
16984.7049 16984.7049
16998.847 16998.847
17012.9892 17012.9892
17027.1313 17027.1313
17041.2734 17041.2734
17055.4156 17055.4156
17069.5577 17069.5577
17083.6998 17083.6998
17097.842 17097.842
17111.9841 17111.9841
17126.1262 17126.1262
17140.2684 17140.2684
17154.4105 17154.4105
17168.5526 17168.5526
17182.6948 17182.6948
17196.8369 17196.8369
17210.9791 17210.9791
17225.1212 17225.1212
17239.2633 17239.2633
17253.4055 17253.4055
17267.5476 17267.5476
17281.6897 17281.6897
17295.8319 17295.8319
17309.974 17309.974
17324.1161 17324.1161
17338.2583 17338.2583
17352.4004 17352.4004
17366.5425 17366.5425
17380.6847 17380.6847
17394.8268 17394.8268
17408.969 17408.969
17423.1111 17423.1111
17437.2532 17437.2532
17451.3954 17451.3954
17465.5375 17465.5375
17479.6796 17479.6796
17493.8218 17493.8218
17507.9639 17507.9639
17522.106 17522.106
17536.2482 17536.2482
17550.3903 17550.3903
17564.5324 17564.5324
17578.6746 17578.6746
17592.8167 17592.8167
17606.9589 17606.9589
17621.101 17621.101
17635.2431 17635.2431
17649.3853 17649.3853
17663.5274 17663.5274
17677.6695 17677.6695
17691.8117 17691.8117
17705.9538 17705.9538
17720.0959 17720.0959
17734.2381 17734.2381
17748.3802 17748.3802
17762.5223 17762.5223
17776.6645 17776.6645
17790.8066 17790.8066
17804.9488 17804.9488
17819.0909 17819.0909
17833.233 17833.233
17847.3752 17847.3752
17861.5173 17861.5173
17875.6594 17875.6594
17889.8016 17889.8016
17903.9437 17903.9437
17918.0858 17918.0858
17932.228 17932.228
17946.3701 17946.3701
17960.5122 17960.5122
17974.6544 17974.6544
17988.7965 17988.7965
18002.9386 18002.9386
18017.0808 18017.0808
18031.2229 18031.2229
18045.3651 18045.3651
18059.5072 18059.5072
18073.6493 18073.6493
18087.7915 18087.7915
18101.9336 18101.9336
18116.0757 18116.0757
18130.2179 18130.2179
18144.36 18144.36
18158.5021 18158.5021
18172.6443 18172.6443
18186.7864 18186.7864
18200.9285 18200.9285
18215.0707 18215.0707
18229.2128 18229.2128
18243.355 18243.355
18257.4971 18257.4971
18271.6392 18271.6392
18285.7814 18285.7814
18299.9235 18299.9235
18314.0656 18314.0656
18328.2078 18328.2078
18342.3499 18342.3499
18356.492 18356.492
18370.6342 18370.6342
18384.7763 18384.7763
18398.9184 18398.9184
18413.0606 18413.0606
18427.2027 18427.2027
18441.3449 18441.3449
18455.487 18455.487
18469.6291 18469.6291
18483.7713 18483.7713
18497.9134 18497.9134
18512.0555 18512.0555
18526.1977 18526.1977
18540.3398 18540.3398
18554.4819 18554.4819
18568.6241 18568.6241
18582.7662 18582.7662
18596.9083 18596.9083
18611.0505 18611.0505
18625.1926 18625.1926
18639.3348 18639.3348
18653.4769 18653.4769
18667.619 18667.619
18681.7612 18681.7612
18695.9033 18695.9033
18710.0454 18710.0454
18724.1876 18724.1876
18738.3297 18738.3297
18752.4718 18752.4718
18766.614 18766.614
18780.7561 18780.7561
18794.8982 18794.8982
18809.0404 18809.0404
18823.1825 18823.1825
18837.3247 18837.3247
18851.4668 18851.4668
18865.6089 18865.6089
18879.7511 18879.7511
18893.8932 18893.8932
18908.0353 18908.0353
18922.1775 18922.1775
18936.3196 18936.3196
18950.4617 18950.4617
18964.6039 18964.6039
18978.746 18978.746
18992.8881 18992.8881
19007.0303 19007.0303
19021.1724 19021.1724
19035.3145 19035.3145
19049.4567 19049.4567
19063.5988 19063.5988
19077.741 19077.741
19091.8831 19091.8831
19106.0252 19106.0252
19120.1674 19120.1674
19134.3095 19134.3095
19148.4516 19148.4516
19162.5938 19162.5938
19176.7359 19176.7359
19190.878 19190.878
19205.0202 19205.0202
19219.1623 19219.1623
19233.3044 19233.3044
19247.4466 19247.4466
19261.5887 19261.5887
19275.7309 19275.7309
19289.873 19289.873
19304.0151 19304.0151
19318.1573 19318.1573
19332.2994 19332.2994
19346.4415 19346.4415
19360.5837 19360.5837
19374.7258 19374.7258
19388.8679 19388.8679
19403.0101 19403.0101
19417.1522 19417.1522
19431.2943 19431.2943
19445.4365 19445.4365
19459.5786 19459.5786
19473.7208 19473.7208
19487.8629 19487.8629
19502.005 19502.005
19516.1472 19516.1472
19530.2893 19530.2893
19544.4314 19544.4314
19558.5736 19558.5736
19572.7157 19572.7157
19586.8578 19586.8578
19601.0 19601.0
19615.1421 19615.1421
19629.2842 19629.2842
19643.4264 19643.4264
19657.5685 19657.5685
19671.7107 19671.7107
19685.8528 19685.8528
19699.9949 19699.9949
19714.1371 19714.1371
19728.2792 19728.2792
19742.4213 19742.4213
19756.5635 19756.5635
19770.7056 19770.7056
19784.8477 19784.8477
19798.9899 19798.9899
19813.132 19813.132
19827.2741 19827.2741
19841.4163 19841.4163
19855.5584 19855.5584
19869.7006 19869.7006
19883.8427 19883.8427
19897.9848 19897.9848
19912.127 19912.127
19926.2691 19926.2691
19940.4112 19940.4112
19954.5534 19954.5534
19968.6955 19968.6955
19982.8376 19982.8376
19996.9798 19996.9798
20011.1219 20011.1219
20025.264 20025.264
20039.4062 20039.4062
20053.5483 20053.5483
20067.6905 20067.6905
20081.8326 20081.8326
20095.9747 20095.9747
20110.1169 20110.1169
20124.259 20124.259
20138.4011 20138.4011
20152.5433 20152.5433
20166.6854 20166.6854
20180.8275 20180.8275
20194.9697 20194.9697
20209.1118 20209.1118
20223.2539 20223.2539
20237.3961 20237.3961
20251.5382 20251.5382
20265.6803 20265.6803
20279.8225 20279.8225
20293.9646 20293.9646
20308.1068 20308.1068
20322.2489 20322.2489
20336.391 20336.391
20350.5332 20350.5332
20364.6753 20364.6753
20378.8174 20378.8174
20392.9596 20392.9596
20407.1017 20407.1017
20421.2438 20421.2438
20435.386 20435.386
20449.5281 20449.5281
20463.6702 20463.6702
20477.8124 20477.8124
20491.9545 20491.9545
20506.0967 20506.0967
20520.2388 20520.2388
20534.3809 20534.3809
20548.5231 20548.5231
20562.6652 20562.6652
20576.8073 20576.8073
20590.9495 20590.9495
20605.0916 20605.0916
20619.2337 20619.2337
20633.3759 20633.3759
20647.518 20647.518
20661.6601 20661.6601
20675.8023 20675.8023
20689.9444 20689.9444
20704.0866 20704.0866
20718.2287 20718.2287
20732.3708 20732.3708
20746.513 20746.513
20760.6551 20760.6551
20774.7972 20774.7972
20788.9394 20788.9394
20803.0815 20803.0815
20817.2236 20817.2236
20831.3658 20831.3658
20845.5079 20845.5079
20859.65 20859.65
20873.7922 20873.7922
20887.9343 20887.9343
20902.0765 20902.0765
20916.2186 20916.2186
20930.3607 20930.3607
20944.5029 20944.5029
20958.645 20958.645
20972.7871 20972.7871
20986.9293 20986.9293
21001.0714 21001.0714
21015.2135 21015.2135
21029.3557 21029.3557
21043.4978 21043.4978
21057.6399 21057.6399
21071.7821 21071.7821
21085.9242 21085.9242
21100.0664 21100.0664
21114.2085 21114.2085
21128.3506 21128.3506
21142.4928 21142.4928
21156.6349 21156.6349
21170.777 21170.777
21184.9192 21184.9192
21199.0613 21199.0613
21213.2034 21213.2034
21227.3456 21227.3456
21241.4877 21241.4877
21255.6298 21255.6298
21269.772 21269.772
21283.9141 21283.9141
21298.0562 21298.0562
21312.1984 21312.1984
21326.3405 21326.3405
21340.4827 21340.4827
21354.6248 21354.6248
21368.7669 21368.7669
21382.9091 21382.9091
21397.0512 21397.0512
21411.1933 21411.1933
21425.3355 21425.3355
21439.4776 21439.4776
21453.6197 21453.6197
21467.7619 21467.7619
21481.904 21481.904
21496.0461 21496.0461
21510.1883 21510.1883
21524.3304 21524.3304
21538.4726 21538.4726
21552.6147 21552.6147
21566.7568 21566.7568
21580.899 21580.899
21595.0411 21595.0411
21609.1832 21609.1832
21623.3254 21623.3254
21637.4675 21637.4675
21651.6096 21651.6096
21665.7518 21665.7518
21679.8939 21679.8939
21694.036 21694.036
21708.1782 21708.1782
21722.3203 21722.3203
21736.4625 21736.4625
21750.6046 21750.6046
21764.7467 21764.7467
21778.8889 21778.8889
21793.031 21793.031
21807.1731 21807.1731
21821.3153 21821.3153
21835.4574 21835.4574
21849.5995 21849.5995
21863.7417 21863.7417
21877.8838 21877.8838
21892.0259 21892.0259
21906.1681 21906.1681
21920.3102 21920.3102
21934.4524 21934.4524
21948.5945 21948.5945
21962.7366 21962.7366
21976.8788 21976.8788
21991.0209 21991.0209
22005.163 22005.163
22019.3052 22019.3052
22033.4473 22033.4473
22047.5894 22047.5894
22061.7316 22061.7316
22075.8737 22075.8737
22090.0158 22090.0158
22104.158 22104.158
22118.3001 22118.3001
22132.4423 22132.4423
22146.5844 22146.5844
22160.7265 22160.7265
22174.8687 22174.8687
22189.0108 22189.0108
22203.1529 22203.1529
22217.2951 22217.2951
22231.4372 22231.4372
22245.5793 22245.5793
22259.7215 22259.7215
22273.8636 22273.8636
22288.0057 22288.0057
22302.1479 22302.1479
22316.29 22316.29
22330.4321 22330.4321
22344.5743 22344.5743
22358.7164 22358.7164
22372.8586 22372.8586
22387.0007 22387.0007
22401.1428 22401.1428
22415.285 22415.285
22429.4271 22429.4271
22443.5692 22443.5692
22457.7114 22457.7114
22471.8535 22471.8535
22485.9956 22485.9956
22500.1378 22500.1378
22514.2799 22514.2799
22528.422 22528.422
22542.5642 22542.5642
22556.7063 22556.7063
22570.8485 22570.8485
22584.9906 22584.9906
22599.1327 22599.1327
22613.2749 22613.2749
22627.417 22627.417
22641.5591 22641.5591
22655.7013 22655.7013
22669.8434 22669.8434
22683.9855 22683.9855
22698.1277 22698.1277
22712.2698 22712.2698
22726.4119 22726.4119
22740.5541 22740.5541
22754.6962 22754.6962
22768.8384 22768.8384
22782.9805 22782.9805
22797.1226 22797.1226
22811.2648 22811.2648
22825.4069 22825.4069
22839.549 22839.549
22853.6912 22853.6912
22867.8333 22867.8333
22881.9754 22881.9754
22896.1176 22896.1176
22910.2597 22910.2597
22924.4018 22924.4018
22938.544 22938.544
22952.6861 22952.6861
22966.8283 22966.8283
22980.9704 22980.9704
22995.1125 22995.1125
23009.2547 23009.2547
23023.3968 23023.3968
23037.5389 23037.5389
23051.6811 23051.6811
23065.8232 23065.8232
23079.9653 23079.9653
23094.1075 23094.1075
23108.2496 23108.2496
23122.3917 23122.3917
23136.5339 23136.5339
23150.676 23150.676
23164.8182 23164.8182
23178.9603 23178.9603
23193.1024 23193.1024
23207.2446 23207.2446
23221.3867 23221.3867
23235.5288 23235.5288
23249.671 23249.671
23263.8131 23263.8131
23277.9552 23277.9552
23292.0974 23292.0974
23306.2395 23306.2395
23320.3816 23320.3816
23334.5238 23334.5238
23348.6659 23348.6659
23362.8081 23362.8081
23376.9502 23376.9502
23391.0923 23391.0923
23405.2345 23405.2345
23419.3766 23419.3766
23433.5187 23433.5187
23447.6609 23447.6609
23461.803 23461.803
23475.9451 23475.9451
23490.0873 23490.0873
23504.2294 23504.2294
23518.3715 23518.3715
23532.5137 23532.5137
23546.6558 23546.6558
23560.7979 23560.7979
23574.9401 23574.9401
23589.0822 23589.0822
23603.2244 23603.2244
23617.3665 23617.3665
23631.5086 23631.5086
23645.6508 23645.6508
23659.7929 23659.7929
23673.935 23673.935
23688.0772 23688.0772
23702.2193 23702.2193
23716.3614 23716.3614
23730.5036 23730.5036
23744.6457 23744.6457
23758.7878 23758.7878
23772.93 23772.93
23787.0721 23787.0721
23801.2143 23801.2143
23815.3564 23815.3564
23829.4985 23829.4985
23843.6407 23843.6407
23857.7828 23857.7828
23871.9249 23871.9249
23886.0671 23886.0671
23900.2092 23900.2092
23914.3513 23914.3513
23928.4935 23928.4935
23942.6356 23942.6356
23956.7777 23956.7777
23970.9199 23970.9199
23985.062 23985.062
23999.2042 23999.2042
24013.3463 24013.3463
24027.4884 24027.4884
24041.6306 24041.6306
24055.7727 24055.7727
24069.9148 24069.9148
24084.057 24084.057
24098.1991 24098.1991
24112.3412 24112.3412
24126.4834 24126.4834
24140.6255 24140.6255
24154.7676 24154.7676
24168.9098 24168.9098
24183.0519 24183.0519
24197.1941 24197.1941
24211.3362 24211.3362
24225.4783 24225.4783
24239.6205 24239.6205
24253.7626 24253.7626
24267.9047 24267.9047
24282.0469 24282.0469
24296.189 24296.189
24310.3311 24310.3311
24324.4733 24324.4733
24338.6154 24338.6154
24352.7575 24352.7575
24366.8997 24366.8997
24381.0418 24381.0418
24395.184 24395.184
24409.3261 24409.3261
24423.4682 24423.4682
24437.6104 24437.6104
24451.7525 24451.7525
24465.8946 24465.8946
24480.0368 24480.0368
24494.1789 24494.1789
24508.321 24508.321
24522.4632 24522.4632
24536.6053 24536.6053
24550.7474 24550.7474
24564.8896 24564.8896
24579.0317 24579.0317
24593.1738 24593.1738
24607.316 24607.316
24621.4581 24621.4581
24635.6003 24635.6003
24649.7424 24649.7424
24663.8845 24663.8845
24678.0267 24678.0267
24692.1688 24692.1688
24706.3109 24706.3109
24720.4531 24720.4531
24734.5952 24734.5952
24748.7373 24748.7373
24762.8795 24762.8795
24777.0216 24777.0216
24791.1637 24791.1637
24805.3059 24805.3059
24819.448 24819.448
24833.5902 24833.5902
24847.7323 24847.7323
24861.8744 24861.8744
24876.0166 24876.0166
24890.1587 24890.1587
24904.3008 24904.3008
24918.443 24918.443
24932.5851 24932.5851
24946.7272 24946.7272
24960.8694 24960.8694
24975.0115 24975.0115
24989.1536 24989.1536
25003.2958 25003.2958
25017.4379 25017.4379
25031.5801 25031.5801
25045.7222 25045.7222
25059.8643 25059.8643
25074.0065 25074.0065
25088.1486 25088.1486
25102.2907 25102.2907
25116.4329 25116.4329
25130.575 25130.575
25144.7171 25144.7171
25158.8593 25158.8593
25173.0014 25173.0014
25187.1435 25187.1435
25201.2857 25201.2857
25215.4278 25215.4278
25229.57 25229.57
25243.7121 25243.7121
25257.8542 25257.8542
25271.9964 25271.9964
25286.1385 25286.1385
25300.2806 25300.2806
25314.4228 25314.4228
25328.5649 25328.5649
25342.707 25342.707
25356.8492 25356.8492
25370.9913 25370.9913
25385.1334 25385.1334
25399.2756 25399.2756
25413.4177 25413.4177
25427.5599 25427.5599
25441.702 25441.702
25455.8441 25455.8441
25469.9863 25469.9863
25484.1284 25484.1284
25498.2705 25498.2705
25512.4127 25512.4127
25526.5548 25526.5548
25540.6969 25540.6969
25554.8391 25554.8391
25568.9812 25568.9812
25583.1233 25583.1233
25597.2655 25597.2655
25611.4076 25611.4076
25625.5498 25625.5498
25639.6919 25639.6919
25653.834 25653.834
25667.9762 25667.9762
25682.1183 25682.1183
25696.2604 25696.2604
25710.4026 25710.4026
25724.5447 25724.5447
25738.6868 25738.6868
25752.829 25752.829
25766.9711 25766.9711
25781.1132 25781.1132
25795.2554 25795.2554
25809.3975 25809.3975
25823.5396 25823.5396
25837.6818 25837.6818
25851.8239 25851.8239
25865.9661 25865.9661
25880.1082 25880.1082
25894.2503 25894.2503
25908.3925 25908.3925
25922.5346 25922.5346
25936.6767 25936.6767
25950.8189 25950.8189
25964.961 25964.961
25979.1031 25979.1031
25993.2453 25993.2453
26007.3874 26007.3874
26021.5295 26021.5295
26035.6717 26035.6717
26049.8138 26049.8138
26063.956 26063.956
26078.0981 26078.0981
26092.2402 26092.2402
26106.3824 26106.3824
26120.5245 26120.5245
26134.6666 26134.6666
26148.8088 26148.8088
26162.9509 26162.9509
26177.093 26177.093
26191.2352 26191.2352
26205.3773 26205.3773
26219.5194 26219.5194
26233.6616 26233.6616
26247.8037 26247.8037
26261.9459 26261.9459
26276.088 26276.088
26290.2301 26290.2301
26304.3723 26304.3723
26318.5144 26318.5144
26332.6565 26332.6565
26346.7987 26346.7987
26360.9408 26360.9408
26375.0829 26375.0829
26389.2251 26389.2251
26403.3672 26403.3672
26417.5093 26417.5093
26431.6515 26431.6515
26445.7936 26445.7936
26459.9358 26459.9358
26474.0779 26474.0779
26488.22 26488.22
26502.3622 26502.3622
26516.5043 26516.5043
26530.6464 26530.6464
26544.7886 26544.7886
26558.9307 26558.9307
26573.0728 26573.0728
26587.215 26587.215
26601.3571 26601.3571
26615.4992 26615.4992
26629.6414 26629.6414
26643.7835 26643.7835
26657.9257 26657.9257
26672.0678 26672.0678
26686.2099 26686.2099
26700.3521 26700.3521
26714.4942 26714.4942
26728.6363 26728.6363
26742.7785 26742.7785
26756.9206 26756.9206
26771.0627 26771.0627
26785.2049 26785.2049
26799.347 26799.347
26813.4891 26813.4891
26827.6313 26827.6313
26841.7734 26841.7734
26855.9155 26855.9155
26870.0577 26870.0577
26884.1998 26884.1998
26898.342 26898.342
26912.4841 26912.4841
26926.6262 26926.6262
26940.7684 26940.7684
26954.9105 26954.9105
26969.0526 26969.0526
26983.1948 26983.1948
26997.3369 26997.3369
27011.479 27011.479
27025.6212 27025.6212
27039.7633 27039.7633
27053.9054 27053.9054
27068.0476 27068.0476
27082.1897 27082.1897
27096.3319 27096.3319
27110.474 27110.474
27124.6161 27124.6161
27138.7583 27138.7583
27152.9004 27152.9004
27167.0425 27167.0425
27181.1847 27181.1847
27195.3268 27195.3268
27209.4689 27209.4689
27223.6111 27223.6111
27237.7532 27237.7532
27251.8953 27251.8953
27266.0375 27266.0375
27280.1796 27280.1796
27294.3218 27294.3218
27308.4639 27308.4639
27322.606 27322.606
27336.7482 27336.7482
27350.8903 27350.8903
27365.0324 27365.0324
27379.1746 27379.1746
27393.3167 27393.3167
27407.4588 27407.4588
27421.601 27421.601
27435.7431 27435.7431
27449.8852 27449.8852
27464.0274 27464.0274
27478.1695 27478.1695
27492.3117 27492.3117
27506.4538 27506.4538
27520.5959 27520.5959
27534.7381 27534.7381
27548.8802 27548.8802
27563.0223 27563.0223
27577.1645 27577.1645
27591.3066 27591.3066
27605.4487 27605.4487
27619.5909 27619.5909
27633.733 27633.733
27647.8751 27647.8751
27662.0173 27662.0173
27676.1594 27676.1594
27690.3016 27690.3016
27704.4437 27704.4437
27718.5858 27718.5858
27732.728 27732.728
27746.8701 27746.8701
27761.0122 27761.0122
27775.1544 27775.1544
27789.2965 27789.2965
27803.4386 27803.4386
27817.5808 27817.5808
27831.7229 27831.7229
27845.865 27845.865
27860.0072 27860.0072
27874.1493 27874.1493
27888.2914 27888.2914
27902.4336 27902.4336
27916.5757 27916.5757
27930.7179 27930.7179
27944.86 27944.86
27959.0021 27959.0021
27973.1443 27973.1443
27987.2864 27987.2864
28001.4285 28001.4285
28015.5707 28015.5707
28029.7128 28029.7128
28043.8549 28043.8549
28057.9971 28057.9971
28072.1392 28072.1392
28086.2813 28086.2813
28100.4235 28100.4235
28114.5656 28114.5656
28128.7078 28128.7078
28142.8499 28142.8499
28156.992 28156.992
28171.1342 28171.1342
28185.2763 28185.2763
28199.4184 28199.4184
28213.5606 28213.5606
28227.7027 28227.7027
28241.8448 28241.8448
28255.987 28255.987
28270.1291 28270.1291
28284.2712 28284.2712
28298.4134 28298.4134
28298.4134 28298.3643
28312.5555 28312.3593
28326.6977 28326.2562
28340.8398 28340.055
28354.9819 28353.7557
28369.1241 28367.3583
28383.2662 28380.8627
28397.4083 28394.2691
28411.5505 28407.5774
28425.6926 28420.7876
28439.8347 28433.8997
28453.9769 28446.9137
28468.119 28459.8296
28482.2611 28472.6473
28496.4033 28485.367
28510.5454 28497.9886
28524.6876 28510.5121
28538.8297 28522.9375
28552.9718 28535.2648
28567.114 28547.494
28581.2561 28559.625
28595.3982 28571.658
28609.5404 28583.5929
28623.6825 28595.4297
28637.8246 28607.1684
28651.9668 28618.809
28666.1089 28630.3515
28680.251 28641.7958
28694.3932 28653.1421
28708.5353 28664.3903
28722.6775 28675.5404
28736.8196 28686.5924
28750.9617 28697.5463
28765.1039 28708.4021
28779.246 28719.1597
28793.3881 28729.8193
28807.5303 28740.3808
28821.6724 28750.8442
28835.8145 28761.2095
28849.9567 28771.4767
28864.0988 28781.6458
28878.2409 28791.7167
28892.3831 28801.6896
28906.5252 28811.5644
28920.6674 28821.3411
28934.8095 28831.0197
28948.9516 28840.6002
28963.0938 28850.0826
28977.2359 28859.4668
28991.378 28868.753
29005.5202 28877.9411
29019.6623 28887.0311
29033.8044 28896.023
29047.9466 28904.9168
29062.0887 28913.7125
29076.2308 28922.41
29090.373 28931.0095
29104.5151 28939.5109
29118.6572 28947.9142
29132.7994 28956.2194
29146.9415 28964.4265
29161.0837 28972.5355
29175.2258 28980.5463
29189.3679 28988.4591
29203.5101 28996.2738
29217.6522 29003.9904
29231.7943 29011.6089
29245.9365 29019.1293
29260.0786 29026.5516
29274.2207 29033.8757
29288.3629 29041.1018
29302.505 29048.2298
29316.6471 29055.2597
29330.7893 29062.1915
29344.9314 29069.0252
29359.0736 29075.7608
29373.2157 29082.3982
29387.3578 29088.9376
29401.5 29095.3789
29415.6421 29101.7221
29429.7842 29107.9672
29443.9264 29114.1142
29458.0685 29120.1631
29472.2106 29126.1138
29486.3528 29131.9665
29500.4949 29137.7211
29514.637 29143.3776
29528.7792 29148.936
29542.9213 29154.3963
29557.0635 29159.7585
29571.2056 29165.0225
29585.3477 29170.1885
29599.4899 29175.2564
29613.632 29180.2262
29627.7741 29185.0979
29641.9163 29189.8715
29656.0584 29194.547
29670.2005 29199.1243
29684.3427 29203.6036
29698.4848 29207.9848
29712.6269 29212.2679
29726.7691 29216.4529
29740.9112 29220.5398
29755.0534 29224.5286
29769.1955 29228.4192
29783.3376 29232.2118
29797.4798 29235.9063
29811.6219 29239.5027
29825.764 29243.001
29839.9062 29246.4012
29854.0483 29249.7033
29868.1904 29252.9072
29882.3326 29256.0131
29896.4747 29259.0209
29910.6168 29261.9306
29924.759 29264.7422
29938.9011 29267.4557
29953.0433 29270.0711
29967.1854 29272.5883
29981.3275 29275.0075
29995.4697 29277.3286
30009.6118 29279.5516
30023.7539 29281.6765
30037.8961 29283.7033
30052.0382 29285.632
30066.1803 29287.4625
30080.3225 29289.195
30094.4646 29290.8294
30108.6067 29292.3657
30122.7489 29293.8039
30136.891 29295.144
30151.0331 29296.3859
30165.1753 29297.5298
30179.3174 29298.5756
30193.4596 29299.5233
30207.6017 29300.3729
30221.7438 29301.1244
30235.886 29301.7778
30250.0281 29302.333
30264.1702 29302.7902
30278.3124 29303.1493
30292.4545 29303.4103
30306.5966 29303.5732
30320.7388 29303.638
30334.8809 29303.6047
30349.023 29303.4732
30363.1652 29303.2437
30377.3073 29302.9161
30391.4495 29302.4904
30405.5916 29301.9666
30419.7337 29301.3447
30433.8759 29300.6247
30448.018 29299.8065
30462.1601 29298.8903
30476.3023 29297.876
30490.4444 29296.7636
30504.5865 29295.5531
30518.7287 29294.2445
30532.8708 29292.8378
30547.0129 29291.3329
30561.1551 29289.73
30575.2972 29288.029
30589.4394 29286.2299
30603.5815 29284.3327
30617.7236 29282.3374
30631.8658 29280.244
30646.0079 29278.0524
30660.15 29275.7628
30674.2922 29273.3751
30688.4343 29270.8893
30702.5764 29268.3054
30716.7186 29265.6234
30730.8607 29262.8433
30745.0028 29259.965
30759.145 29256.9887
30773.2871 29253.9143
30787.4293 29250.7418
30801.5714 29247.4712
30815.7135 29244.1025
30829.8557 29240.6357
30843.9978 29237.0707
30858.1399 29233.4077
30872.2821 29229.6466
30886.4242 29225.7874
30900.5663 29221.8301
30914.7085 29217.7747
30928.8506 29213.6212
30942.9927 29209.3695
30957.1349 29205.0198
30971.277 29200.572
30985.4192 29196.0261
30999.5613 29191.3821
31013.7034 29186.64
31027.8456 29181.7998
31041.9877 29176.8614
31056.1298 29171.825
31070.272 29166.6905
31084.4141 29161.4579
31098.5562 29156.1272
31112.6984 29150.6984
31126.8405 29145.1715
31140.9826 29139.5464
31155.1248 29133.8233
31169.2669 29128.0021
31183.4091 29122.0828
31197.5512 29116.0654
31211.6933 29109.9499
31225.8355 29103.7363
31239.9776 29097.4245
31254.1197 29091.0147
31268.2619 29084.5068
31282.404 29077.9008
31296.5461 29071.1967
31310.6883 29064.3945
31324.8304 29057.4942
31338.9725 29050.4957
31353.1147 29043.3992
31367.2568 29036.2046
31381.3989 29028.9119
31395.5411 29021.5211
31409.6832 29014.0322
31423.8254 29006.4452
31437.9675 28998.76
31452.1096 28990.9768
31466.2518 28983.0955
31480.3939 28975.1161
31494.536 28967.0386
31508.6782 28958.863
31522.8203 28950.5893
31536.9624 28942.2174
31551.1046 28933.7475
31565.2467 28925.1795
31579.3888 28916.5134
31593.531 28907.7492
31607.6731 28898.8869
31621.8153 28889.9265
31635.9574 28880.8679
31650.0995 28871.7113
31664.2417 28862.4566
31678.3838 28853.1038
31692.5259 28843.6529
31706.6681 28834.1039
31720.8102 28824.4568
31734.9523 28814.7115
31749.0945 28804.8682
31763.2366 28794.9268
31777.3787 28784.8873
31791.5209 28774.7497
31805.663 28764.514
31819.8052 28754.1802
31833.9473 28743.7482
31848.0894 28733.2182
31862.2316 28722.5901
31876.3737 28711.8639
31890.5158 28701.0396
31904.658 28690.1172
31918.8001 28679.0967
31932.9422 28667.978
31947.0844 28656.7613
31961.2265 28645.4465
31975.3686 28634.0336
31989.5108 28622.5226
32003.6529 28610.9135
32017.7951 28599.2063
32031.9372 28587.4009
32046.0793 28575.4975
32060.2215 28563.496
32074.3636 28551.3964
32088.5057 28539.1987
32102.6479 28526.9029
32116.79 28514.509
32130.9321 28502.0169
32145.0743 28489.4268
32159.2164 28476.7386
32173.3585 28463.9523
32187.5007 28451.0679
32201.6428 28438.0854
32215.785 28425.0048
32229.9271 28411.826
32244.0692 28398.5492
32258.2114 28385.1743
32272.3535 28371.7013
32286.4956 28358.1302
32300.6378 28344.461
32314.7799 28330.6937
32328.922 28316.8282
32343.0642 28302.8647
32357.2063 28288.8031
32371.3484 28274.6434
32385.4906 28260.3856
32399.6327 28246.0297
32413.7748 28231.5756
32427.917 28217.0235
32442.0591 28202.3733
32456.2013 28187.625
32470.3434 28172.7786
32484.4855 28157.8341
32498.6277 28142.7915
32512.7698 28127.6507
32526.9119 28112.4119
32541.0541 28097.075
32555.1962 28081.64
32569.3383 28066.1069
32583.4805 28050.4757
32597.6226 28034.7464
32611.7647 28018.9189
32625.9069 28002.9934
32640.049 27986.9698
32654.1912 27970.8481
32668.3333 27954.6283
32682.4754 27938.3104
32696.6176 27921.8944
32710.7597 27905.3802
32724.9018 27888.768
32739.044 27872.0577
32753.1861 27855.2493
32767.3282 27838.3428
32781.4704 27821.3382
32795.6125 27804.2355
32809.7546 27787.0346
32823.8968 27769.7357
32838.0389 27752.3387
32852.1811 27734.8436
32866.3232 27717.2504
32880.4653 27699.5591
32894.6075 27681.7697
32908.7496 27663.8821
32922.8917 27645.8965
32937.0339 27627.8128
32951.176 27609.631
32965.3181 27591.3511
32979.4603 27572.9731
32993.6024 27554.497
33007.7445 27535.9227
33021.8867 27517.2504
33036.0288 27498.48
33050.171 27479.6115
33064.3131 27460.6449
33078.4552 27441.5802
33092.5974 27422.4174
33106.7395 27403.1564
33120.8816 27383.7974
33135.0238 27364.3403
33149.1659 27344.7851
33163.308 27325.1318
33177.4502 27305.3804
33191.5923 27285.5309
33205.7344 27265.5832
33219.8766 27245.5375
33234.0187 27225.3937
33248.1609 27205.1518
33262.303 27184.8118
33276.4451 27164.3737
33290.5873 27143.8375
33304.7294 27123.2031
33318.8715 27102.4707
33333.0137 27081.6402
33347.1558 27060.7116
33361.2979 27039.6849
33375.4401 27018.5601
33389.5822 26997.3372
33403.7243 26976.0161
33417.8665 26954.597
33432.0086 26933.0798
33446.1508 26911.4645
33460.2929 26889.7511
33474.435 26867.9396
33488.5772 26846.03
33502.7193 26824.0222
33516.8614 26801.9164
33531.0036 26779.7125
33545.1457 26757.4105
33559.2878 26735.0104
33573.43 26712.5122
33587.5721 26689.9159
33601.7142 26667.2214
33615.8564 26644.4289
33629.9985 26621.5383
33644.1406 26598.5496
33658.2828 26575.4628
33672.4249 26552.2779
33686.5671 26528.9949
33700.7092 26505.6137
33714.8513 26482.1345
33728.9935 26458.5572
33743.1356 26434.8818
33757.2777 26411.1083
33771.4199 26387.2367
33785.562 26363.267
33799.7041 26339.1991
33813.8463 26315.0332
33827.9884 26290.7692
33842.1305 26266.4071
33856.2727 26241.9469
33870.4148 26217.3886
33884.557 26192.7322
33898.6991 26167.9776
33912.8412 26143.125
33926.9834 26118.1743
33941.1255 26093.1255
33955.2676 26067.9786
33969.4098 26042.7336
33983.5519 26017.3905
33997.694 25991.9492
34011.8362 25966.4099
34025.9783 25940.7725
34040.1204 25915.037
34054.2626 25889.2034
34068.4047 25863.2717
34082.5469 25837.2419
34096.689 25811.1139
34110.8311 25784.8879
34124.9733 25758.5638
34139.1154 25732.1416
34153.2575 25705.6213
34167.3997 25679.0029
34181.5418 25652.2864
34195.6839 25625.4717
34209.8261 25598.559
34223.9682 25571.5482
34238.1103 25544.4393
34252.2525 25517.2323
34266.3946 25489.9272
34280.5368 25462.524
34294.6789 25435.0226
34308.821 25407.4232
34322.9632 25379.7257
34337.1053 25351.9301
34351.2474 25324.0364
34365.3896 25296.0446
34379.5317 25267.9547
34393.6738 25239.7666
34407.816 25211.4805
34421.9581 25183.0963
34436.1002 25154.614
34450.2424 25126.0336
34464.3845 25097.3551
34478.5267 25068.5785
34492.6688 25039.7037
34506.8109 25010.7309
34520.9531 24981.66
34535.0952 24952.491
34549.2373 24923.2239
34563.3795 24893.8587
34577.5216 24864.3954
34591.6637 24834.8339
34605.8059 24805.1744
34619.948 24775.4168
34634.0901 24745.5611
34648.2323 24715.6073
34662.3744 24685.5554
34676.5165 24655.4053
34690.6587 24625.1572
34704.8008 24594.811
34718.943 24564.3667
34733.0851 24533.8243
34747.2272 24503.1838
34761.3694 24472.4452
34775.5115 24441.6084
34789.6536 24410.6736
34803.7958 24379.6407
34817.9379 24348.5097
34832.08 24317.2806
34846.2222 24285.9534
34860.3643 24254.5281
34874.5064 24223.0046
34888.6486 24191.3831
34902.7907 24159.6635
34916.9329 24127.8458
34931.075 24095.93
34945.2171 24063.9161
34959.3593 24031.8041
34973.5014 23999.5939
34987.6435 23967.2857
35001.7857 23934.8794
35015.9278 23902.375
35030.0699 23869.7725
35044.2121 23837.0719
35058.3542 23804.2732
35072.4963 23771.3763
35086.6385 23738.3814
35100.7806 23705.2884
35114.9228 23672.0973
35129.0649 23638.8081
35143.207 23605.4208
35157.3492 23571.9354
35171.4913 23538.3518
35185.6334 23504.6702
35199.7756 23470.8905
35213.9177 23437.0127
35228.0598 23403.0368
35242.202 23368.9628
35256.3441 23334.7907
35270.4862 23300.5204
35284.6284 23266.1521
35298.7705 23231.6857
35312.9127 23197.1212
35327.0548 23162.4586
35341.1969 23127.6979
35355.3391 23092.8391
35369.4812 23057.8821
35383.6233 23022.8271
35397.7655 22987.674
35411.9076 22952.4228
35426.0497 22917.0735
35440.1919 22881.6261
35454.334 22846.0806
35468.4761 22810.4369
35482.6183 22774.6952
35496.7604 22738.8554
35510.9026 22702.9175
35525.0447 22666.8815
35539.1868 22630.7474
35553.329 22594.5152
35567.4711 22558.1848
35581.6132 22521.7564
35595.7554 22485.2299
35609.8975 22448.6053
35624.0396 22411.8826
35638.1818 22375.0618
35652.3239 22338.1429
35666.466 22301.1258
35680.6082 22264.0107
35694.7503 22226.7975
35708.8924 22189.4862
35723.0346 22152.0768
35737.1767 22114.5693
35751.3189 22076.9637
35765.461 22039.2599
35779.6031 22001.4581
35793.7453 21963.5582
35807.8874 21925.5602
35822.0295 21887.4641
35836.1717 21849.2699
35850.3138 21810.9776
35864.4559 21772.5871
35878.5981 21734.0986
35892.7402 21695.512
35906.8823 21656.8273
35921.0245 21618.0445
35935.1666 21579.1636
35949.3088 21540.1846
35963.4509 21501.1074
35977.593 21461.9322
35991.7352 21422.6589
36005.8773 21383.2875
36020.0194 21343.818
36034.1616 21304.2504
36048.3037 21264.5847
36062.4458 21224.8208
36076.588 21184.9589
36090.7301 21144.9989
36104.8722 21104.9408
36119.0144 21064.7846
36133.1565 21024.5303
36147.2987 20984.1779
36161.4408 20943.7273
36175.5829 20903.1787
36189.7251 20862.532
36203.8672 20821.7872
36218.0093 20780.9443
36232.1515 20740.0033
36246.2936 20698.9642
36260.4357 20657.8269
36274.5779 20616.5916
36288.72 20575.2582
36302.8621 20533.8267
36317.0043 20492.2971
36331.1464 20450.6694
36345.2886 20408.9436
36359.4307 20367.1196
36373.5728 20325.1976
36387.715 20283.1775
36401.8571 20241.0593
36415.9992 20198.843
36430.1414 20156.5286
36444.2835 20114.1161
36458.4256 20071.6054
36472.5678 20028.9967
36486.7099 19986.2899
36500.852 19943.485
36514.9942 19900.582
36529.1363 19857.5809
36543.2785 19814.4817
36557.4206 19771.2843
36571.5627 19727.9889
36585.7049 19684.5954
36599.847 19641.1038
36613.9891 19597.5141
36628.1313 19553.8263
36642.2734 19510.0404
36656.4155 19466.1563
36670.5577 19422.1742
36684.6998 19378.094
36698.8419 19333.9157
36712.9841 19289.6393
36727.1262 19245.2648
36741.2684 19200.7922
36755.4105 19156.2214
36769.5526 19111.5526
36783.6948 19066.7857
36797.8369 19021.9207
36811.979 18976.9576
36826.1212 18931.8964
36840.2633 18886.737
36854.4054 18841.4796
36868.5476 18796.1241
36882.6897 18750.6705
36896.8318 18705.1188
36910.974 18659.469
36925.1161 18613.7211
36939.2582 18567.875
36953.4004 18521.9309
36967.5425 18475.8887
36981.6847 18429.7484
36995.8268 18383.51
37009.9689 18337.1735
37024.1111 18290.7389
37038.2532 18244.2061
37052.3953 18197.5753
37066.5375 18150.8464
37080.6796 18104.0194
37094.8217 18057.0943
37108.9639 18010.0711
37123.106 17962.9498
37137.2481 17915.7303
37151.3903 17868.4128
37165.5324 17820.9972
37179.6746 17773.4835
37193.8167 17725.8717
37207.9588 17678.1618
37222.101 17630.3538
37236.2431 17582.4476
37250.3852 17534.4434
37264.5274 17486.3411
37278.6695 17438.1407
37292.8116 17389.8422
37306.9538 17341.4456
37321.0959 17292.9509
37335.238 17244.358
37349.3802 17195.6671
37363.5223 17146.8781
37377.6645 17097.991
37391.8066 17049.0058
37405.9487 16999.9225
37420.0909 16950.7411
37434.233 16901.4615
37448.3751 16852.0839
37462.5173 16802.6082
37476.6594 16753.0344
37490.8015 16703.3625
37504.9437 16653.5925
37519.0858 16603.7244
37533.2279 16553.7581
37547.3701 16503.6938
37561.5122 16453.5314
37575.6544 16403.2709
37589.7965 16352.9123
37603.9386 16302.4556
37618.0808 16251.9008
37632.2229 16201.2478
37646.365 16150.4968
37660.5072 16099.6477
37674.6493 16048.7005
37688.7914 15997.6552
37702.9336 15946.5118
37717.0757 15895.2703
37731.2178 15843.9306
37745.36 15792.4929
37759.5021 15740.9571
37773.6443 15689.3232
37787.7864 15637.5912
37801.9285 15585.7611
37816.0707 15533.8329
37830.2128 15481.8065
37844.3549 15429.6821
37858.4971 15377.4596
37872.6392 15325.139
37886.7813 15272.7203
37900.9235 15220.2035
37915.0656 15167.5886
37929.2077 15114.8755
37943.3499 15062.0644
37957.492 15009.1552
37971.6341 14956.1479
37985.7763 14903.0425
37999.9184 14849.839
38014.0606 14796.5374
38028.2027 14743.1376
38042.3448 14689.6398
38056.487 14636.0439
38070.6291 14582.3499
38084.7712 14528.5578
38098.9134 14474.6676
38113.0555 14420.6793
38127.1976 14366.5928
38141.3398 14312.4083
38155.4819 14258.1257
38169.624 14203.745
38183.7662 14149.2662
38197.9083 14094.6893
38212.0505 14040.0143
38226.1926 13985.2411
38240.3347 13930.3699
38254.4769 13875.4006
38268.619 13820.3332
38282.7611 13765.1677
38296.9033 13709.9041
38311.0454 13654.5424
38325.1875 13599.0825
38339.3297 13543.5246
38353.4718 13487.8686
38367.6139 13432.1145
38381.7561 13376.2623
38395.8982 13320.312
38410.0404 13264.2636
38424.1825 13208.117
38438.3246 13151.8724
38452.4668 13095.5297
38466.6089 13039.0889
38480.751 12982.55
38494.8932 12925.913
38509.0353 12869.1779
38523.1774 12812.3446
38537.3196 12755.4133
38551.4617 12698.3839
38565.6038 12641.2564
38579.746 12584.0308
38593.8881 12526.7071
38608.0303 12469.2853
38622.1724 12411.7653
38636.3145 12354.1473
38650.4567 12296.4312
38664.5988 12238.617
38678.7409 12180.7047
38692.8831 12122.6943
38707.0252 12064.5858
38721.1673 12006.3791
38735.3095 11948.0744
38749.4516 11889.6716
38763.5937 11831.1707
38777.7359 11772.5717
38791.878 11713.8746
38806.0202 11655.0794
38820.1623 11596.186
38834.3044 11537.1946
38848.4466 11478.1051
38862.5887 11418.9175
38876.7308 11359.6318
38890.873 11300.248
38905.0151 11240.7661
38919.1572 11181.186
38933.2994 11121.5079
38947.4415 11061.7317
38961.5836 11001.8574
38975.7258 10941.885
38989.8679 10881.8145
39004.0101 10821.6459
39018.1522 10761.3791
39032.2943 10701.0143
39046.4365 10640.5514
39060.5786 10579.9904
39074.7207 10519.3313
39088.8629 10458.5741
39103.005 10397.7187
39117.1471 10336.7653
39131.2893 10275.7138
39145.4314 10214.5642
39159.5735 10153.3165
39173.7157 10091.9707
39187.8578 10030.5268
39201.9999 9968.9847
39216.1421 9907.3446
39230.2842 9845.6064
39244.4264 9783.7701
39258.5685 9721.8357
39272.7106 9659.8032
39286.8528 9597.6726
39300.9949 9535.4438
39315.137 9473.117
39329.2792 9410.6921
39343.4213 9348.1691
39357.5634 9285.548
39371.7056 9222.8288
39385.8477 9160.0115
39399.9898 9097.096
39414.132 9034.0825
39428.2741 8970.9709
39442.4163 8907.7612
39456.5584 8844.4534
39470.7005 8781.0475
39484.8427 8717.5435
39498.9848 8653.9413
39513.1269 8590.2411
39527.2691 8526.4428
39541.4112 8462.5464
39555.5533 8398.5519
39569.6955 8334.4593
39583.8376 8270.2686
39597.9797 8205.9797
39612.1219 8141.5928
39626.264 8077.1078
39640.4062 8012.5247
39654.5483 7947.8435
39668.6904 7883.0642
39682.8326 7818.1868
39696.9747 7753.2112
39711.1168 7688.1376
39725.259 7622.9659
39739.4011 7557.6961
39753.5432 7492.3282
39767.6854 7426.8622
39781.8275 7361.2981
39795.9696 7295.6358
39810.1118 7229.8755
39824.2539 7164.0171
39838.3961 7098.0606
39852.5382 7032.006
39866.6803 6965.8533
39880.8225 6899.6025
39894.9646 6833.2535
39909.1067 6766.8065
39923.2489 6700.2614
39937.391 6633.6182
39951.5331 6566.8769
39965.6753 6500.0375
39979.8174 6433.1
39993.9595 6366.0643
40008.1017 6298.9306
40022.2438 6231.6988
40036.386 6164.3689
40050.5281 6096.9409
40064.6702 6029.4148
40078.8124 5961.7906
40092.9545 5894.0682
40107.0966 5826.2478
40121.2388 5758.3293
40135.3809 5690.3127
40149.523 5622.198
40163.6652 5553.9852
40177.8073 5485.6743
40191.9494 5417.2652
40206.0916 5348.7581
40220.2337 5280.1529
40234.3758 5211.4496
40248.518 5142.6482
40262.6601 5073.7487
40276.8023 5004.7511
40290.9444 4935.6553
40305.0865 4866.4615
40319.2287 4797.1696
40333.3708 4727.7796
40347.5129 4658.2915
40361.6551 4588.7053
40375.7972 4519.021
40389.9393 4449.2385
40404.0815 4379.358
40418.2236 4309.3794
40432.3657 4239.3027
40446.5079 4169.1279
40460.65 4098.855
40474.7922 4028.484
40488.9343 3958.0148
40503.0764 3887.4476
40517.2186 3816.7823
40531.3607 3746.0189
40545.5028 3675.1574
40559.645 3604.1978
40573.7871 3533.1401
40587.9292 3461.9842
40602.0714 3390.7303
40616.2135 3319.3783
40630.3556 3247.9282
40644.4978 3176.38
40658.6399 3104.7337
40672.7821 3032.9893
40686.9242 2961.1467
40701.0663 2889.2061
40715.2085 2817.1674
40729.3506 2745.0306
40743.4927 2672.7957
40757.6349 2600.4627
40771.777 2528.0316
40785.9191 2455.5023
40800.0613 2382.875
40814.2034 2310.1496
40828.3455 2237.3261
40842.4877 2164.4045
40856.6298 2091.3848
40870.772 2018.267
40884.9141 1945.051
40899.0562 1871.737
40913.1984 1798.3249
40927.3405 1724.8147
40941.4826 1651.2064
40955.6248 1577.5
40969.7669 1503.6955
40983.909 1429.7928
40998.0512 1355.7921
41012.1933 1281.6933
41026.3354 1207.4964
41040.4776 1133.2014
41054.6197 1058.8083
41068.7619 984.3171
41082.904 909.7277
41097.0461 835.0403
41111.1883 760.2548
41125.3304 685.3712
41139.4725 610.3895
41153.6147 535.3097
41167.7568 460.1318
41181.8989 384.8557
41196.0411 309.4816
41210.1832 234.0094
41224.3253 158.4391
41238.4675 82.7707
41252.6096 7.0042
41266.7518 -68.8604
